RC4算法 I, J, K 状态变化数据
==================================================
密钥: b'TestKey123456789'
生成字节数: 100
==================================================
步骤     I    J    K    S[I]   S[J]  
--------------------------------------------------
1      1    186  249  132    186   
2      2    198  38   129    12    
3      3    109  92   92     167   
4      4    182  93   81     73    
5      5    21   65   178    95    
6      6    210  82   144    189   
7      7    200  231  130    246   
8      8    24   29   172    80    
9      9    208  111  124    184   
10     10   219  100  137    11    
11     11   165  78   175    202   
12     12   110  189  9      201   
13     13   118  188  240    8     
14     14   244  49   156    126   
15     15   18   44   177    30    
16     16   218  170  54     200   
17     17   27   90   25     65    
18     18   57   162  45     30    
19     19   105  250  60     48    
20     20   151  7    2      46    
21     21   246  42   22     95    
22     22   189  202  222    199   
23     23   98   197  5      165   
24     24   178  98   221    80    
25     25   237  26   77     59    
26     26   30   70   145    49    
27     27   95   10   138    65    
28     28   138  219  6      43    
29     29   9    163  124    127   
30     30   58   170  205    49    
31     31   241  183  58     183   
32     32   118  38   8      133   
33     33   38   195  220    176   
34     34   112  3    225    74    
35     35   180  79   148    68    
36     36   103  123  50     179   
37     37   164  94   19     61    
38     38   84   209  226    176   
39     39   136  116  26     52    
40     40   253  7    187    117   
41     41   66   199  120    69    
42     42   138  212  43     72    
43     43   141  120  38     3     
44     44   136  247  52     251   
45     45   234  83   99     98    
46     46   79   11   118    101   
47     47   70   84   0      247   
48     48   77   75   82     7     
49     49   40   122  187    219   
50     50   231  241  169    191   
51     51   77   167  7      102   
52     52   188  203  125    111   
53     53   46   15   118    114   
54     54   217  228  21     171   
55     55   48   108  82     87    
56     56   198  121  12     150   
57     57   228  102  47     30    
58     58   21   204  22     49    
59     59   45   192  99     24    
60     60   186  204  186    141   
61     61   19   234  60     89    
62     62   12   129  9      249   
63     63   227  150  239    215   
64     64   129  165  196    158   
65     65   121  247  78     248   
66     66   190  10   134    69    
67     67   208  173  184    18    
68     68   187  97   146    235   
69     69   80   217  94     149   
70     70   71   168  204    247   
71     71   62   151  9      247   
72     72   158  140  88     96    
73     73   66   43   134    164   
74     74   47   59   0      237   
75     75   209  69   28     162   
76     76   182  114  73     229   
77     77   28   250  6      102   
78     78   144  146  208    116   
79     79   245  248  20     101   
80     80   138  233  72     149   
81     81   18   53   45     136   
82     82   122  13   244    104   
83     83   213  135  36     91    
84     84   133  216  223    176   
85     85   195  32   168    62    
86     86   193  160  109    254   
87     87   111  220  115    174   
88     88   174  101  182    63    
89     89   249  245  57     75    
90     90   83   214  36     90    
91     91   124  214  85     41    
92     92   137  124  16     13    
93     93   138  122  149    1     
94     94   92   211  16     210   
95     95   157  200  153    65    
96     96   56   166  12     155   
97     97   163  41   17     107   
98     98   72   117  88     165   
99     99   177  116  39     105   
100    100  111  250  174    190   

==================================================
统计信息:
总步数: 100
I值范围: 1 - 100
I值平均值: 50.50
J值范围: 9 - 253
J值平均值: 131.84
K值范围: 3 - 250
K值平均值: 134.92

前10个输出字节(十六进制): F9 26 5C 5D 41 52 E7 1D 6F 64
前10个输出字节(十进制): 249 38 92 93 65 82 231 29 111 100